0.000175260705873 0.000000000000000
-0.000010442207895 0.000000000000000
-0.000008902326044 0.100000000000000
-0.000003644777280 0.200000000000000
0.000000673170462 0.300000000000000
0.000004511808129 0.400000000000000
0.000007722444025 0.500000000000000
0.000010283938536 0.600000000000000
0.000012367166164 0.700000000000000
0.000014255391761 0.800000000000000
0.000016129317373 0.900000000000000
0.000017522041162 1.000000000000000
0.000018172293494 1.100000000000000
0.000018831606212 1.200000000000000
0.000019404524210 1.300000000000000
0.000020127779862 1.400000000000000
0.000020788689653 1.500000000000000
0.000021521365852 1.600000000000000
0.000022279740733 1.700000000000000
0.000022885473300 1.800000000000000
0.000023777434762 1.900000000000000
0.000024258577469 2.000000000000000
0.000024976037821 2.100000000000000
0.000025503843062 2.200000000000000
0.000026183135560 2.300000000000000
0.000026637520932 2.400000000000000
0.000027155330827 2.500000000000000
0.000027747590138 2.600000000000000
0.000028417067369 2.700000000000000
0.000028822849345 2.800000000000000
0.000029225753678 2.900000000000000
0.000029872000596 3.000000000000000
0.000030446313758 3.100000000000000
0.000030973478715 3.200000000000000
0.000031489114917 3.300000000000000
0.000031957140891 3.400000000000000
0.000032370746339 3.500000000000000
0.000032921820093 3.600000000000000
0.000033470485505 3.700000000000000
0.000034154305467 3.800000000000000
0.000035182922147 3.900000000000000
0.000036114437535 4.000000000000000
0.000037258181692 4.100000000000001
0.000038027214032 4.200000000000000
0.000037939418689 4.300000000000000
0.000038464069803 4.400000000000000
0.000039296734030 4.500000000000000
0.000039923408622 4.600000000000001
0.000040279730456 4.700000000000000
0.000040996437747 4.800000000000001
0.000041931140004 4.900000000000000
0.000043074120185 5.000000000000000
0.000044105225243 5.100000000000001
0.000044601016270 5.200000000000000
0.000046173023293 5.300000000000001
0.000046502063924 5.400000000000000
0.000047068930144 5.500000000000000
0.000048041994887 5.600000000000001
0.000049054735427 5.700000000000000
0.000050403588830 5.800000000000001
0.000049988742830 5.900000000000000
0.000050661532441 6.000000000000000
0.000051148439525 6.100000000000001
0.000051635670388 6.200000000000000
0.000052021434385 6.300000000000001
0.000052390758356 6.400000000000000
0.000051418606745 6.500000000000000
0.000053455896705 6.600000000000001
0.000055051208619 6.700000000000000
0.000056389832025 6.800000000000001
0.000057243392803 6.900000000000000
0.000056425960793 7.000000000000000
0.000057434699556 7.100000000000001
0.000057780143834 7.200000000000000
0.000058064626501 7.300000000000001
0.000057626904891 7.400000000000000
0.000058700439695 7.500000000000000
0.000057962963183 7.600000000000001
0.000058861005527 7.700000000000000
0.000060135476815 7.800000000000001
0.000060771260905 7.900000000000000
0.000063047096774 8.000000000000000
0.000063492923800 8.100000000000000
0.000066262458859 8.200000000000001
0.000065362823079 8.300000000000001
0.000063628787757 8.400000000000000
0.000063996587414 8.500000000000000
0.000065017578891 8.600000000000000
0.000066892796895 8.700000000000001
0.000067462286097 8.800000000000001
0.000067483000748 8.900000000000000
0.000067713088356 9.000000000000000
0.000067814813519 9.100000000000000
0.000067244953243 9.200000000000001
0.000069608177000 9.300000000000001
0.000070663474617 9.400000000000000
0.000072462338721 9.500000000000000
0.000073370123573 9.600000000000001
0.000073646086094 9.700000000000001
0.000073756636993 9.800000000000001
0.000075308184023 9.900000000000000
0.000076258802437 10.000000000000000
0.000077877040894 10.100000000000001
0.000079579978774 10.200000000000001
0.000077822776802 10.300000000000001
0.000079186793300 10.400000000000000
0.000081419682829 10.500000000000000
0.000081806079834 10.600000000000001
0.000080972873548 10.700000000000001
0.000081621656136 10.800000000000001
0.000082833852503 10.900000000000000
0.000084898740170 11.000000000000000
0.000084492792666 11.100000000000001
0.000086506865046 11.200000000000001
0.000086996704340 11.300000000000001
0.000088014880021 11.400000000000000
0.000089367451437 11.500000000000000
0.000091065157903 11.600000000000001
0.000090992900368 11.700000000000001
0.000091448484454 11.800000000000001
0.000093344096967 11.900000000000000
0.000093400267360 12.000000000000000
0.000093609960459 12.100000000000001
0.000092556765594 12.200000000000001
0.000093549337180 12.300000000000001
0.000093769005616 12.400000000000000
0.000095750867331 12.500000000000000
0.000094420371170 12.600000000000001
0.000096515381301 12.700000000000001
0.000098443902971 12.800000000000001
0.000098554548458 12.900000000000000
0.000099416538433 13.000000000000000
0.000099436329037 13.100000000000001
0.000100156248664 13.200000000000001
0.000100596982520 13.300000000000001
0.000100363198726 13.400000000000000
0.000101488229120 13.500000000000000
0.000101033998362 13.600000000000001
0.000101923054899 13.700000000000001
0.000103355210740 13.800000000000001
0.000104375081719 13.900000000000000
0.000106479397800 14.000000000000000
0.000107087842480 14.100000000000001
0.000108534426545 14.200000000000001
0.000110299966764 14.300000000000001
0.000111727938929 14.400000000000000
0.000112198191346 14.500000000000000
0.000114185328130 14.600000000000001
0.000115573100629 14.700000000000001
0.000113472771773 14.800000000000001
0.000114849426609 14.900000000000000
