0.000537990650628 0.000000000000000
-0.000082592014223 0.000000000000000
-0.000069707333751 0.100000000000000
-0.000039163955080 0.200000000000000
-0.000016249114196 0.300000000000000
0.000001116990006 0.400000000000000
0.000019517472538 0.500000000000000
0.000037113844883 0.600000000000000
0.000054976215324 0.700000000000000
0.000071979564382 0.800000000000000
0.000087313434051 0.900000000000000
0.000101558951428 1.000000000000000
0.000112175359391 1.100000000000000
0.000121426703117 1.200000000000000
0.000130433661980 1.300000000000000
0.000139248310006 1.400000000000000
0.000147008831846 1.500000000000000
0.000154736582772 1.600000000000000
0.000162553318660 1.700000000000000
0.000168857470271 1.800000000000000
0.000175487977685 1.900000000000000
0.000181621508091 2.000000000000000
0.000187566998648 2.100000000000000
0.000193452025997 2.200000000000000
0.000198498659302 2.300000000000000
0.000203027258976 2.400000000000000
0.000207935634535 2.500000000000000
0.000212118698983 2.600000000000000
0.000216338652535 2.700000000000000
0.000220444751903 2.800000000000000
0.000224642499234 2.900000000000000
0.000229143173783 3.000000000000000
0.000233931976254 3.100000000000000
0.000238277440076 3.200000000000000
0.000240701076109 3.300000000000000
0.000244888855377 3.400000000000000
0.000248336960794 3.500000000000000
0.000252469326369 3.600000000000000
0.000255198683590 3.700000000000000
0.000258201936958 3.800000000000000
0.000261575129116 3.900000000000000
0.000265377340838 4.000000000000000
0.000267525058007 4.100000000000001
0.000270987860858 4.200000000000000
0.000274471385637 4.300000000000000
0.000276451348327 4.400000000000000
0.000281241402263 4.500000000000000
0.000284953042865 4.600000000000001
0.000288116541924 4.700000000000000
0.000288971757982 4.800000000000001
0.000289597752271 4.900000000000000
0.000292908662232 5.000000000000000
0.000297821650747 5.100000000000001
0.000298538332572 5.200000000000000
0.000299510807963 5.300000000000001
0.000300252664601 5.400000000000000
0.000304347573547 5.500000000000000
0.000301223277347 5.600000000000001
0.000301303225569 5.700000000000000
0.000302225496853 5.800000000000001
0.000304226792650 5.900000000000000
0.000309738796204 6.000000000000000
0.000308588467306 6.100000000000001
0.000308823451633 6.200000000000000
0.000309277762426 6.300000000000001
0.000310850999085 6.400000000000000
0.000309361086693 6.500000000000000
0.000309735885821 6.600000000000001
0.000308730872348 6.700000000000000
0.000309512688546 6.800000000000001
0.000309867435135 6.900000000000000
0.000310438947054 7.000000000000000
0.000311640498694 7.100000000000001
0.000312550022500 7.200000000000000
0.000314654840622 7.300000000000001
0.000316928577377 7.400000000000000
0.000320003222441 7.500000000000000
0.000319571583532 7.600000000000001
0.000319638726069 7.700000000000000
0.000313580560032 7.800000000000001
0.000318739505019 7.900000000000000
0.000312925374601 8.000000000000000
0.000313595839543 8.100000000000000
0.000314778415486 8.200000000000001
0.000312217714963 8.300000000000001
0.000312752614263 8.400000000000000
0.000313494005240 8.500000000000000
0.000314895907650 8.600000000000000
0.000317096739309 8.700000000000001
0.000314953009365 8.800000000000001
0.000318006379530 8.900000000000000
0.000319965940434 9.000000000000000
0.000322485837387 9.100000000000000
0.000323063344695 9.200000000000001
0.000315309531288 9.300000000000001
0.000314802658977 9.400000000000000
0.000312108313665 9.500000000000000
0.000312952004606 9.600000000000001
0.000311905663693 9.700000000000001
0.000313419237500 9.800000000000001
0.000315209559631 9.900000000000000
0.000314354576403 10.000000000000000
0.000317966623697 10.100000000000001
0.000316689867759 10.200000000000001
0.000316374644171 10.300000000000001
0.000311804498779 10.400000000000000
0.000314106408041 10.500000000000000
0.000314375152811 10.600000000000001
0.000314039323712 10.700000000000001
0.000313250609906 10.800000000000001
0.000314963574056 10.900000000000000
0.000317950383760 11.000000000000000
0.000317321973853 11.100000000000001
0.000319183018291 11.200000000000001
0.000316957797622 11.300000000000001
0.000318122940371 11.400000000000000
0.000320552033372 11.500000000000000
0.000319649552694 11.600000000000001
0.000319742597640 11.700000000000001
0.000321616185829 11.800000000000001
0.000323363434291 11.900000000000000
0.000326437526383 12.000000000000000
0.000322790234350 12.100000000000001
0.000319192564348 12.200000000000001
0.000318618112942 12.300000000000001
0.000318804493872 12.400000000000000
0.000316332414513 12.500000000000000
0.000317502708640 12.600000000000001
0.000317837228067 12.700000000000001
0.000317132071359 12.800000000000001
0.000318109989166 12.900000000000000
0.000320238817949 13.000000000000000
0.000320711726090 13.100000000000001
0.000321179220919 13.200000000000001
0.000322809704812 13.300000000000001
0.000322717329254 13.400000000000000
0.000323602085700 13.500000000000000
0.000325622298988 13.600000000000001
0.000327432964696 13.700000000000001
0.000329747446813 13.800000000000001
0.000329668109771 13.900000000000000
0.000328683468979 14.000000000000000
0.000332167459419 14.100000000000001
0.000334637705237 14.200000000000001
0.000336392025929 14.300000000000001
0.000336156692356 14.400000000000000
0.000337441655574 14.500000000000000
0.000338866957463 14.600000000000001
0.000343491090462 14.700000000000001
0.000346654996974 14.800000000000001
0.000348927453160 14.900000000000000
