0.000023609012715 0.000000000000000
-0.000000562404239 0.000000000000000
-0.000000521652169 0.100000000000000
-0.000000145921149 0.200000000000000
0.000000145703169 0.300000000000000
0.000000353222276 0.400000000000000
0.000000454578327 0.500000000000000
0.000000521667573 0.600000000000000
0.000000604677609 0.700000000000000
0.000000705766411 0.800000000000000
0.000000738193421 0.900000000000000
0.000000849717708 1.000000000000000
0.000000948161585 1.100000000000000
0.000001039306312 1.200000000000000
0.000001133047476 1.300000000000000
0.000001248946546 1.400000000000000
0.000001369103984 1.500000000000000
0.000001473997713 1.600000000000000
0.000001587864631 1.700000000000000
0.000001700363896 1.800000000000000
0.000001816691338 1.900000000000000
0.000001935046157 2.000000000000000
0.000002044970188 2.100000000000000
0.000002157204790 2.200000000000000
0.000002261343525 2.300000000000000
0.000002377871397 2.400000000000000
0.000002485419600 2.500000000000000
0.000002594097396 2.600000000000000
0.000002676707027 2.700000000000000
0.000002783157697 2.800000000000000
0.000002895069656 2.900000000000000
0.000003002973244 3.000000000000000
0.000003100472668 3.100000000000000
0.000003222444093 3.200000000000000
0.000003335934252 3.300000000000000
0.000003446577693 3.400000000000000
0.000003569105957 3.500000000000000
0.000003654129159 3.600000000000000
0.000003774431207 3.700000000000000
0.000003886738796 3.800000000000000
0.000003995372936 3.900000000000000
0.000004107332188 4.000000000000000
0.000004211404757 4.100000000000001
0.000004353456006 4.200000000000000
0.000004508875918 4.300000000000000
0.000004616662409 4.400000000000000
0.000004739297765 4.500000000000000
0.000004880399956 4.600000000000001
0.000005052005235 4.700000000000000
0.000005207331469 4.800000000000001
0.000005343258181 4.900000000000000
0.000005359338047 5.000000000000000
0.000005438384960 5.100000000000001
0.000005525339020 5.200000000000000
0.000005655737368 5.300000000000001
0.000005740443612 5.400000000000000
0.000005822120329 5.500000000000000
0.000005968662663 5.600000000000001
0.000006128280802 5.700000000000000
0.000006298317658 5.800000000000001
0.000006506365935 5.900000000000000
0.000006638893410 6.000000000000000
0.000006720048987 6.100000000000001
0.000006816493169 6.200000000000000
0.000006925505659 6.300000000000001
0.000006951685918 6.400000000000000
0.000007090905910 6.500000000000000
0.000007225593436 6.600000000000001
0.000007263065072 6.700000000000000
0.000007391676263 6.800000000000001
0.000007503088000 6.900000000000000
0.000007622444173 7.000000000000000
0.000007928721971 7.100000000000001
0.000008095579688 7.200000000000000
0.000008269570571 7.300000000000001
0.000008391377378 7.400000000000000
0.000008533661457 7.500000000000000
0.000008674779565 7.600000000000001
0.000008539248483 7.700000000000000
0.000008715278454 7.800000000000001
0.000008883013834 7.900000000000000
0.000009180223969 8.000000000000000
0.000009334535207 8.100000000000000
0.000009404416232 8.200000000000001
0.000009415513887 8.300000000000001
0.000009650100765 8.400000000000000
0.000009738248991 8.500000000000000
0.000010035269952 8.600000000000000
0.000009863073501 8.700000000000001
0.000010116496014 8.800000000000001
0.000010143684449 8.900000000000000
0.000010371589269 9.000000000000000
0.000010630358702 9.100000000000000
0.000010689636838 9.200000000000001
0.000011008442925 9.300000000000001
0.000011043524864 9.400000000000000
0.000011110790183 9.500000000000000
0.000011067717423 9.600000000000001
0.000011387897757 9.700000000000001
0.000011406617887 9.800000000000001
0.000011660537893 9.900000000000000
0.000011454246305 10.000000000000000
0.000011744606127 10.100000000000001
0.000012017727386 10.200000000000001
0.000012138171769 10.300000000000001
0.000012259695723 10.400000000000000
0.000012307824363 10.500000000000000
0.000012625813724 10.600000000000001
0.000012658889318 10.700000000000001
0.000012869782040 10.800000000000001
0.000013173250409 10.900000000000000
0.000013530548131 11.000000000000000
0.000013414514797 11.100000000000001
0.000013343902538 11.200000000000001
0.000013631581169 11.300000000000001
0.000014036715584 11.400000000000000
0.000013802956346 11.500000000000000
0.000013696673705 11.600000000000001
0.000014079130779 11.700000000000001
0.000014234283299 11.800000000000001
0.000014512492271 11.900000000000000
0.000014822812773 12.000000000000000
0.000015138548406 12.100000000000001
0.000015379860997 12.200000000000001
0.000015263534806 12.300000000000001
0.000015492250895 12.400000000000000
0.000015310342860 12.500000000000000
0.000015431671272 12.600000000000001
0.000015187732060 12.700000000000001
0.000015339392121 12.800000000000001
0.000015440406059 12.900000000000000
0.000015889891074 13.000000000000000
0.000016198446247 13.100000000000001
0.000016523685190 13.200000000000001
0.000016951147700 13.300000000000001
0.000017234719053 13.400000000000000
0.000017246975403 13.500000000000000
0.000017326716261 13.600000000000001
0.000017742730051 13.700000000000001
0.000017863238099 13.800000000000001
0.000018208580514 13.900000000000000
0.000018599690520 14.000000000000000
0.000018248616470 14.100000000000001
0.000018945152988 14.200000000000001
0.000018197173631 14.300000000000001
0.000018418790205 14.400000000000000
0.000019769004211 14.500000000000000
0.000019841134417 14.600000000000001
0.000019445446014 14.700000000000001
0.000020045376004 14.800000000000001
0.000020528281311 14.900000000000000
