0.000042379688239 0.000000000000000
-0.000001168980248 0.000000000000000
-0.000001004783712 0.100000000000000
-0.000000492379627 0.200000000000000
-0.000000089648729 0.300000000000000
0.000000261098364 0.400000000000000
0.000000603594913 0.500000000000000
0.000000962451622 0.600000000000000
0.000001335947559 0.700000000000000
0.000001721454055 0.800000000000000
0.000002085297638 0.900000000000000
0.000002519891495 1.000000000000000
0.000002997180900 1.100000000000000
0.000003553775514 1.200000000000000
0.000004089813956 1.300000000000000
0.000004637093753 1.400000000000000
0.000005194008281 1.500000000000000
0.000005734171737 1.600000000000000
0.000006216481779 1.700000000000000
0.000006654671324 1.800000000000000
0.000007044624908 1.900000000000000
0.000007354601166 2.000000000000000
0.000007660089977 2.100000000000000
0.000007930168067 2.200000000000000
0.000008136673387 2.300000000000000
0.000008264736607 2.400000000000000
0.000008374357094 2.500000000000000
0.000008434161828 2.600000000000000
0.000008555854038 2.700000000000000
0.000008660801541 2.800000000000000
0.000008555032764 2.900000000000000
0.000008643392903 3.000000000000000
0.000008694121789 3.100000000000000
0.000008767272448 3.200000000000000
0.000008876957509 3.300000000000000
0.000008973906006 3.400000000000000
0.000009105375284 3.500000000000000
0.000009225931535 3.600000000000000
0.000009337630217 3.700000000000000
0.000009317153854 3.800000000000000
0.000009328449778 3.900000000000000
0.000009445643627 4.000000000000000
0.000009626666724 4.100000000000001
0.000009750416211 4.200000000000000
0.000009939740266 4.300000000000000
0.000010087649571 4.400000000000000
0.000010202127669 4.500000000000000
0.000010359246517 4.600000000000001
0.000010500471944 4.700000000000000
0.000010601483154 4.800000000000001
0.000010753709830 4.900000000000000
0.000010885396478 5.000000000000000
0.000010919814486 5.100000000000001
0.000010713571100 5.200000000000000
0.000010611536709 5.300000000000001
0.000010628963537 5.400000000000000
0.000010640445907 5.500000000000000
0.000010739368918 5.600000000000001
0.000010778493561 5.700000000000000
0.000010859600479 5.800000000000001
0.000011036941942 5.900000000000000
0.000011064434148 6.000000000000000
0.000011090012777 6.100000000000001
0.000011131699466 6.200000000000000
0.000011230605196 6.300000000000001
0.000011172372979 6.400000000000000
0.000011251808246 6.500000000000000
0.000011349532542 6.600000000000001
0.000011493048987 6.700000000000000
0.000011615639778 6.800000000000001
0.000011096416529 6.900000000000000
0.000011320234080 7.000000000000000
0.000011489609278 7.100000000000001
0.000011356101822 7.200000000000000
0.000011477134649 7.300000000000001
0.000011636780073 7.400000000000000
0.000011675669157 7.500000000000000
0.000011830204130 7.600000000000001
0.000011975408597 7.700000000000000
0.000012041525224 7.800000000000001
0.000012134177268 7.900000000000000
0.000012389463336 8.000000000000000
0.000012429639355 8.100000000000000
0.000012471644368 8.200000000000001
0.000012654949387 8.300000000000001
0.000012370803233 8.400000000000000
0.000012497294847 8.500000000000000
0.000012659284039 8.600000000000000
0.000012800674085 8.700000000000001
0.000013048307665 8.800000000000001
0.000013111958651 8.900000000000000
0.000013121923985 9.000000000000000
0.000013265280359 9.100000000000000
0.000013684276382 9.200000000000001
0.000013750536709 9.300000000000001
0.000013867675989 9.400000000000000
0.000013995345398 9.500000000000000
0.000014385903341 9.600000000000001
0.000014356141037 9.700000000000001
0.000014601880139 9.800000000000001
0.000014881563402 9.900000000000000
0.000015044055544 10.000000000000000
0.000015321051251 10.100000000000001
0.000015465429897 10.200000000000001
0.000015725932826 10.300000000000001
0.000016064690499 10.400000000000000
0.000016442574633 10.500000000000000
0.000016609488739 10.600000000000001
0.000016821895770 10.700000000000001
0.000017207827113 10.800000000000001
0.000017337542886 10.900000000000000
0.000017675341951 11.000000000000000
0.000017743985154 11.100000000000001
0.000018046232071 11.200000000000001
0.000018324821212 11.300000000000001
0.000018620728952 11.400000000000000
0.000018935344997 11.500000000000000
0.000019254011931 11.600000000000001
0.000019511731807 11.700000000000001
0.000019918070393 11.800000000000001
0.000020207799025 11.900000000000000
0.000020558763936 12.000000000000000
0.000020865605620 12.100000000000001
0.000021175539587 12.200000000000001
0.000021392821509 12.300000000000001
0.000021864178052 12.400000000000000
0.000022257285309 12.500000000000000
0.000022755422833 12.600000000000001
0.000023108110327 12.700000000000001
0.000023541697374 12.800000000000001
0.000023806544050 12.900000000000000
0.000024309021683 13.000000000000000
0.000024741819288 13.100000000000001
0.000025219205781 13.200000000000001
0.000025597384592 13.300000000000001
0.000026096086003 13.400000000000000
0.000026323537895 13.500000000000000
0.000026807407266 13.600000000000001
0.000027296882763 13.700000000000001
0.000027798876545 13.800000000000001
0.000028085132726 13.900000000000000
0.000028527587347 14.000000000000000
0.000028950842534 14.100000000000001
0.000029587950849 14.200000000000001
0.000029842074582 14.300000000000001
0.000030474298910 14.400000000000000
0.000030947645428 14.500000000000000
0.000031351373764 14.600000000000001
0.000031765099266 14.700000000000001
0.000032234816899 14.800000000000001
0.000032874249882 14.900000000000000
