0.000351412047166 0.000000000000000
0.000000005866247 0.000000000000000
0.000000006809742 0.100000000000000
0.000001415314159 0.200000000000000
0.000003355718263 0.300000000000000
0.000006201075394 0.400000000000000
0.000009816540114 0.500000000000000
0.000014058283341 0.600000000000000
0.000018839818949 0.700000000000000
0.000024074477551 0.800000000000000
0.000029551747502 0.900000000000000
0.000035109809687 1.000000000000000
0.000040711627662 1.100000000000000
0.000046257435315 1.200000000000000
0.000051597777201 1.300000000000000
0.000056482196669 1.400000000000000
0.000061260368966 1.500000000000000
0.000065918495238 1.600000000000000
0.000069969915785 1.700000000000000
0.000074179362855 1.800000000000000
0.000077795521065 1.900000000000000
0.000081480429799 2.000000000000000
0.000084636980318 2.100000000000000
0.000088199274614 2.200000000000000
0.000091521091235 2.300000000000000
0.000094585746410 2.400000000000000
0.000097364951216 2.500000000000000
0.000100453122286 2.600000000000000
0.000103198195575 2.700000000000000
0.000105368118966 2.800000000000000
0.000107262931124 2.900000000000000
0.000108210566395 3.000000000000000
0.000109994551167 3.100000000000000
0.000111962152005 3.200000000000000
0.000113483176392 3.300000000000000
0.000114756287076 3.400000000000000
0.000116132599942 3.500000000000000
0.000117535724712 3.600000000000000
0.000117982832307 3.700000000000000
0.000119913798699 3.800000000000000
0.000121702869365 3.900000000000000
0.000124229409266 4.000000000000000
0.000126874569105 4.100000000000001
0.000127792620333 4.200000000000000
0.000128871077322 4.300000000000000
0.000130825224915 4.400000000000000
0.000133086461574 4.500000000000000
0.000136930859298 4.600000000000001
0.000138131552376 4.700000000000000
0.000140180389280 4.800000000000001
0.000142258330015 4.900000000000000
0.000139953612234 5.000000000000000
0.000144404228195 5.100000000000001
0.000146462567500 5.200000000000000
0.000146125661558 5.300000000000001
0.000143313620356 5.400000000000000
0.000143053533975 5.500000000000000
0.000143673722050 5.600000000000001
0.000145674566738 5.700000000000000
0.000146052101627 5.800000000000001
0.000149520201376 5.900000000000000
0.000145568119478 6.000000000000000
0.000146280304762 6.100000000000001
0.000147510290844 6.200000000000000
0.000147934959386 6.300000000000001
0.000147202052176 6.400000000000000
0.000143483179272 6.500000000000000
0.000144923367770 6.600000000000001
0.000144823585288 6.700000000000000
0.000144978810567 6.800000000000001
0.000144372184877 6.900000000000000
0.000143503988511 7.000000000000000
0.000142186821904 7.100000000000001
0.000141168551636 7.200000000000000
0.000143838944496 7.300000000000001
0.000145089710713 7.400000000000000
0.000145068392158 7.500000000000000
0.000146339792991 7.600000000000001
0.000146398379002 7.700000000000000
0.000149458472151 7.800000000000001
0.000150481457240 7.900000000000000
0.000151999120135 8.000000000000000
0.000151490196004 8.100000000000000
0.000150809239130 8.200000000000001
0.000151604966959 8.300000000000001
0.000150976673467 8.400000000000000
0.000152472392074 8.500000000000000
0.000154605688294 8.600000000000000
0.000155344576342 8.700000000000001
0.000156631474965 8.800000000000001
0.000156276437338 8.900000000000000
0.000158899114467 9.000000000000000
0.000158814116730 9.100000000000000
0.000159921721206 9.200000000000001
0.000160316994879 9.300000000000001
0.000159248535056 9.400000000000000
0.000158432114404 9.500000000000000
0.000160235838848 9.600000000000001
0.000159374671057 9.700000000000001
0.000159368384629 9.800000000000001
0.000161633259268 9.900000000000000
0.000158358307090 10.000000000000000
0.000160303767188 10.100000000000001
0.000160139024956 10.200000000000001
0.000160747178597 10.300000000000001
0.000162878975971 10.400000000000000
0.000165052988450 10.500000000000000
0.000166786878253 10.600000000000001
0.000167520891409 10.700000000000001
0.000168740429217 10.800000000000001
0.000171915948158 10.900000000000000
0.000170055747731 11.000000000000000
0.000168807629962 11.100000000000001
0.000169690349139 11.200000000000001
0.000170544124558 11.300000000000001
0.000170837156475 11.400000000000000
0.000170985935256 11.500000000000000
0.000171234947629 11.600000000000001
0.000173037697095 11.700000000000001
0.000173656968400 11.800000000000001
0.000173182692379 11.900000000000000
0.000174085391336 12.000000000000000
0.000170557934325 12.100000000000001
0.000172791595105 12.200000000000001
0.000171171370312 12.300000000000001
0.000171769890585 12.400000000000000
0.000169699749677 12.500000000000000
0.000170608647750 12.600000000000001
0.000170922430698 12.700000000000001
0.000171975028934 12.800000000000001
0.000170072249603 12.900000000000000
0.000170537561644 13.000000000000000
0.000170730942045 13.100000000000001
0.000166959784110 13.200000000000001
0.000166865444044 13.300000000000001
0.000167996971868 13.400000000000000
0.000168356142240 13.500000000000000
0.000169463557540 13.600000000000001
0.000169560400536 13.700000000000001
0.000170858911588 13.800000000000001
0.000172490646946 13.900000000000000
0.000174691740540 14.000000000000000
0.000174494896783 14.100000000000001
0.000176499524969 14.200000000000001
0.000177536479896 14.300000000000001
0.000178994174348 14.400000000000000
0.000178875736310 14.500000000000000
0.000184360294952 14.600000000000001
0.000173403270310 14.700000000000001
0.000173351931153 14.800000000000001
0.000174146684003 14.900000000000000
