0.000033209125831 0.000000000000000
0.000000072742125 0.000000000000000
0.000000067293051 0.100000000000000
0.000002690234851 0.200000000000000
0.000007091299267 0.300000000000000
0.000017735737856 0.400000000000000
0.000038091133320 0.500000000000000
0.000065903237555 0.600000000000000
0.000099241355201 0.700000000000000
0.000133110923343 0.800000000000000
0.000169839811861 0.900000000000000
0.000207731281989 1.000000000000000
0.000246321695158 1.100000000000000
0.000285696820356 1.200000000000000
0.000325433211401 1.300000000000000
0.000365146406693 1.400000000000000
0.000405265745940 1.500000000000000
0.000445106648840 1.600000000000000
0.000484125572257 1.700000000000000
0.000523145659827 1.800000000000000
0.000562814471778 1.900000000000000
0.000601449690294 2.000000000000000
0.000640431069769 2.100000000000000
0.000677560223266 2.200000000000000
0.000715733563993 2.300000000000000
0.000751645537093 2.400000000000000
0.000788828358054 2.500000000000000
0.000825422874186 2.600000000000000
0.000860705506057 2.700000000000000
0.000893654767424 2.800000000000000
0.000926436216105 2.900000000000000
0.000958289310802 3.000000000000000
0.000989091116935 3.100000000000000
0.001019993331283 3.200000000000000
0.001047542551532 3.300000000000000
0.001074739033356 3.400000000000000
0.001099577872083 3.500000000000000
0.001122005516663 3.600000000000000
0.001145558780991 3.700000000000000
0.001171741401777 3.800000000000000
0.001187575981021 3.900000000000000
0.001206823973916 4.000000000000000
0.001226697815582 4.100000000000001
0.001241128775291 4.200000000000000
0.001254975795746 4.300000000000000
0.001265393453650 4.400000000000000
0.001271739252843 4.500000000000000
0.001282499404624 4.600000000000001
0.001292088069022 4.700000000000000
0.001294589135796 4.800000000000001
0.001298017101362 4.900000000000000
0.001298880786635 5.000000000000000
0.001303126686253 5.100000000000001
0.001298504415900 5.200000000000000
0.001301720156334 5.300000000000001
0.001292522880249 5.400000000000000
0.001282823970541 5.500000000000000
0.001275971997529 5.600000000000001
0.001275022281334 5.700000000000000
0.001265693572350 5.800000000000001
0.001253815018572 5.900000000000000
0.001239991048351 6.000000000000000
0.001232173643075 6.100000000000001
0.001221252023242 6.200000000000000
0.001215444412082 6.300000000000001
0.001204905449413 6.400000000000000
0.001199269783683 6.500000000000000
0.001182107371278 6.600000000000001
0.001176036312245 6.700000000000000
0.001152461394668 6.800000000000001
0.001140359672718 6.900000000000000
0.001132055767812 7.000000000000000
0.001111910329200 7.100000000000001
0.001096074120142 7.200000000000000
0.001082584843971 7.300000000000001
0.001060754409991 7.400000000000000
0.001039741211571 7.500000000000000
0.001023183926009 7.600000000000001
0.000995359267108 7.700000000000000
0.000978237134404 7.800000000000001
0.000959521101322 7.900000000000000
0.000946426589508 8.000000000000000
0.000936007942073 8.100000000000000
0.000919962883927 8.200000000000001
0.000907722336706 8.300000000000001
0.000894049939234 8.400000000000000
0.000889127608389 8.500000000000000
0.000873995129950 8.600000000000000
0.000864512636326 8.700000000000001
0.000847069721203 8.800000000000001
0.000832341494970 8.900000000000000
0.000821639609057 9.000000000000000
0.000813152291812 9.100000000000000
0.000802332069725 9.200000000000001
0.000789823359810 9.300000000000001
0.000776955508627 9.400000000000000
0.000770262035076 9.500000000000000
0.000762197247241 9.600000000000001
0.000756592140533 9.700000000000001
0.000752103514969 9.800000000000001
0.000744893506635 9.900000000000000
0.000733139400836 10.000000000000000
0.000724424317013 10.100000000000001
0.000712851819117 10.200000000000001
0.000710082065780 10.300000000000001
0.000705173762981 10.400000000000000
0.000697503797710 10.500000000000000
0.000690066430252 10.600000000000001
0.000687289400958 10.700000000000001
0.000680079334415 10.800000000000001
0.000668994325679 10.900000000000000
0.000657502678223 11.000000000000000
0.000657519791275 11.100000000000001
0.000651085865684 11.200000000000001
0.000648393237498 11.300000000000001
0.000644719519187 11.400000000000000
0.000641663384158 11.500000000000000
0.000638441997580 11.600000000000001
0.000630798109341 11.700000000000001
0.000631745206192 11.800000000000001
0.000625253655016 11.900000000000000
0.000616675068159 12.000000000000000
0.000611644587480 12.100000000000001
0.000610088114627 12.200000000000001
0.000608248636127 12.300000000000001
0.000605188310146 12.400000000000000
0.000600392697379 12.500000000000000
0.000597659498453 12.600000000000001
0.000593683507759 12.700000000000001
0.000590521201957 12.800000000000001
0.000584968540352 12.900000000000000
0.000582585053053 13.000000000000000
0.000580327701755 13.100000000000001
0.000582861190196 13.200000000000001
0.000578246370424 13.300000000000001
0.000570747361053 13.400000000000000
0.000569506315514 13.500000000000000
0.000569253752474 13.600000000000001
0.000568189192563 13.700000000000001
0.000561939785257 13.800000000000001
0.000562263594475 13.900000000000000
0.000557324907277 14.000000000000000
0.000557315419428 14.100000000000001
0.000558162573725 14.200000000000001
0.000556874147151 14.300000000000001
0.000552508106921 14.400000000000000
0.000553280347958 14.500000000000000
0.000547157775145 14.600000000000001
0.000545859977137 14.700000000000001
0.000545142509509 14.800000000000001
0.000541472225450 14.900000000000000
